4 0.12109375 0.87265625 0.20625 0.14296875
4 0.91328125 0.4109375 0.1734375 0.1171875
1 0.7046875 0.2875 0.18671875 0.13828125
3 0.071875 0.6671875 0.14375 0.1375
3 0.60859375 0.58984375 0.18515625 0.13359375
4 0.075 0.52421875 0.14921875 0.1296875
4 0.55546875 0.88203125 0.21171875 0.17578125
4 0.24375 0.61640625 0.2015625 0.14765625
3 0.44375 0.51953125 0.18515625 0.134375
3 0.48984375 0.38046875 0.1953125 0.12421875
3 0.4734375 0.253125 0.14453125 0.10625
1 0.18671875 0.31640625 0.16484375 0.1125
4 0.88359375 0.97578125 0.18046875 0.0484375
0 0.240625 0.97578125 0.20625 0.0484375
3 0.57578125 0.71015625 0.18828125 0.1421875