4 0.89375 0.5484375 0.15390625 0.11328125
4 0.7234375 0.56875 0.16328125 0.1109375
4 0.51953125 0.54765625 0.15234375 0.10234375
4 0.7296875 0.41015625 0.1328125 0.090625
4 0.3453125 0.4359375 0.13359375 0.07890625
4 0.37578125 0.32578125 0.1390625 0.103125
4 0.49375 0.284375 0.1484375 0.09609375
4 0.58046875 0.36796875 0.14296875 0.09296875
4 0.578125 0.66875 0.1421875 0.09453125
4 0.3828125 0.67734375 0.1609375 0.11875
4 0.33125 0.52890625 0.15390625 0.1046875
4 0.19765625 0.5703125 0.14609375 0.1015625
4 0.14140625 0.46484375 0.125 0.07734375
4 0.1875 0.33359375 0.13828125 0.0921875