4 0.634375 0.6453125 0.15546875 0.11875
4 0.80546875 0.62578125 0.1625 0.11640625
4 0.29765625 0.9125 0.178125 0.1390625
4 0.30859375 0.4421875 0.15859375 0.1109375
4 0.046875 0.41875 0.09296875 0.14296875
4 0.02734375 0.6296875 0.0546875 0.115625
3 0.33046875 0.5734375 0.18984375 0.13125
3 0.303125 0.33515625 0.1421875 0.103125
3 0.1515625 0.31171875 0.16015625 0.1140625
3 0.14921875 0.19765625 0.15703125 0.11171875
3 0.10859375 0.096875 0.11953125 0.090625
4 0.50390625 0.16015625 0.1375 0.115625
0 0.1 0.7625 0.2 0.15234375